R2L_V1_ROI
401 76 5 255 255
R2L_MST_ROI
402 52 108 132 255
R2L_V6_ROI
403 67 94 171 255
R2L_V2_ROI
404 26 54 239 255
R2L_V3_ROI
405 18 32 240 255
R2L_V4_ROI
406 20 36 223 255
R2L_V8_ROI
407 30 62 208 255
R2L_4_ROI
408 39 175 28 255
R2L_3b_ROI
409 40 194 23 255
R2L_FEF_ROI
410 137 144 148 255
R2L_PEF_ROI
411 166 179 169 255
R2L_55b_ROI
412 111 105 77 255
R2L_V3A_ROI
413 24 70 253 255
R2L_RSC_ROI
414 157 66 127 255
R2L_POS2_ROI
415 210 115 202 255
R2L_V7_ROI
416 26 92 193 255
R2L_IPS1_ROI
417 57 123 172 255
R2L_FFC_ROI
418 57 94 121 255
R2L_V3B_ROI
419 41 73 222 255
R2L_LO1_ROI
420 17 67 207 255
R2L_LO2_ROI
421 21 53 182 255
R2L_PIT_ROI
422 33 54 187 255
R2L_MT_ROI
423 34 93 106 255
R2L_A1_ROI
424 232 12 43 255
R2L_PSL_ROI
425 188 144 135 255
R2L_SFL_ROI
426 65 57 51 255
R2L_PCV_ROI
427 133 142 155 255
R2L_STV_ROI
428 144 112 108 255
R2L_7Pm_ROI
429 158 205 191 255
R2L_7m_ROI
430 49 46 49 255
R2L_POS1_ROI
431 94 82 107 255
R2L_23d_ROI
432 134 52 87 255
R2L_v23ab_ROI
433 29 6 20 255
R2L_d23ab_ROI
434 85 28 54 255
R2L_31pv_ROI
435 70 20 52 255
R2L_5m_ROI
436 48 171 50 255
R2L_5mv_ROI
437 141 158 129 255
R2L_23c_ROI
438 215 191 195 255
R2L_5L_ROI
439 66 160 72 255
R2L_24dd_ROI
440 72 160 45 255
R2L_24dv_ROI
441 119 154 67 255
R2L_7AL_ROI
442 120 191 130 255
R2L_SCEF_ROI
443 136 149 105 255
R2L_6ma_ROI
444 152 169 137 255
R2L_7Am_ROI
445 170 246 220 255
R2L_7PL_ROI
446 167 255 232 255
R2L_7PC_ROI
447 75 178 105 255
R2L_LIPv_ROI
448 65 129 176 255
R2L_VIP_ROI
449 60 150 150 255
R2L_MIP_ROI
450 129 202 197 255
R2L_1_ROI
451 28 194 42 255
R2L_2_ROI
452 58 179 72 255
R2L_3a_ROI
453 53 222 28 255
R2L_6d_ROI
454 37 162 42 255
R2L_6mp_ROI
455 77 159 50 255
R2L_6v_ROI
456 89 181 67 255
R2L_p24pr_ROI
457 152 144 112 255
R2L_33pr_ROI
458 121 93 91 255
R2L_a24pr_ROI
459 175 124 125 255
R2L_p32pr_ROI
460 171 143 129 255
R2L_a24_ROI
461 80 11 35 255
R2L_d32_ROI
462 116 41 64 255
R2L_8BM_ROI
463 133 80 92 255
R2L_p32_ROI
464 121 51 79 255
R2L_10r_ROI
465 27 0 6 255
R2L_47m_ROI
466 93 53 60 255
R2L_8Av_ROI
467 91 68 67 255
R2L_8Ad_ROI
468 64 60 48 255
R2L_9m_ROI
469 50 27 24 255
R2L_8BL_ROI
470 41 32 24 255
R2L_9p_ROI
471 66 51 51 255
R2L_10d_ROI
472 42 27 25 255
R2L_8C_ROI
473 123 84 92 255
R2L_44_ROI
474 135 94 91 255
R2L_45_ROI
475 83 62 56 255
R2L_47l_ROI
476 58 27 31 255
R2L_a47r_ROI
477 99 66 72 255
R2L_6r_ROI
478 186 200 155 255
R2L_IFJa_ROI
479 139 114 101 255
R2L_IFJp_ROI
480 131 139 128 255
R2L_IFSp_ROI
481 132 105 117 255
R2L_IFSa_ROI
482 211 198 188 255
R2L_p9-46v_ROI
483 153 136 136 255
R2L_46_ROI
484 196 199 186 255
R2L_a9-46v_ROI
485 176 120 150 255
R2L_9-46d_ROI
486 161 123 146 255
R2L_9a_ROI
487 71 57 60 255
R2L_10v_ROI
488 0 8 1 255
R2L_a10p_ROI
489 128 85 111 255
R2L_10pp_ROI
490 59 44 54 255
R2L_11l_ROI
491 126 94 111 255
R2L_13l_ROI
492 118 87 99 255
R2L_OFC_ROI
493 53 37 40 255
R2L_47s_ROI
494 69 32 36 255
R2L_LIPd_ROI
495 149 177 197 255
R2L_6a_ROI
496 128 197 144 255
R2L_i6-8_ROI
497 123 117 106 255
R2L_s6-8_ROI
498 104 89 82 255
R2L_43_ROI
499 150 136 66 255
R2L_OP4_ROI
500 101 157 43 255
R2L_OP1_ROI
501 93 143 36 255
R2L_OP2-3_ROI
502 145 118 61 255
R2L_52_ROI
503 202 68 56 255
R2L_RI_ROI
504 164 84 43 255
R2L_PFcm_ROI
505 172 146 89 255
R2L_PoI2_ROI
506 132 124 83 255
R2L_TA2_ROI
507 136 36 30 255
R2L_FOP4_ROI
508 199 148 142 255
R2L_MI_ROI
509 166 119 114 255
R2L_Pir_ROI
510 107 79 72 255
R2L_AVI_ROI
511 152 74 91 255
R2L_AAIC_ROI
512 97 40 47 255
R2L_FOP1_ROI
513 148 125 82 255
R2L_FOP3_ROI
514 185 133 107 255
R2L_FOP2_ROI
515 99 156 56 255
R2L_PFt_ROI
516 108 202 115 255
R2L_AIP_ROI
517 131 215 162 255
R2L_EC_ROI
518 56 50 40 255
R2L_PreS_ROI
519 103 68 97 255
R2L_H_ROI
520 66 63 46 255
R2L_ProS_ROI
521 99 83 177 255
R2L_PeEc_ROI
522 64 60 54 255
R2L_STGa_ROI
523 58 45 27 255
R2L_PBelt_ROI
524 197 22 13 255
R2L_A5_ROI
525 112 41 6 255
R2L_PHA1_ROI
526 74 61 86 255
R2L_PHA3_ROI
527 95 107 126 255
R2L_STSda_ROI
528 72 56 42 255
R2L_STSdp_ROI
529 96 65 54 255
R2L_STSvp_ROI
530 94 53 64 255
R2L_TGd_ROI
531 37 34 27 255
R2L_TE1a_ROI
532 9 7 0 255
R2L_TE1p_ROI
533 113 104 103 255
R2L_TE2a_ROI
534 72 57 57 255
R2L_TF_ROI
535 68 74 63 255
R2L_TE2p_ROI
536 109 139 128 255
R2L_PHT_ROI
537 207 246 214 255
R2L_PH_ROI
538 75 128 161 255
R2L_TPOJ1_ROI
539 125 94 78 255
R2L_TPOJ2_ROI
540 134 158 139 255
R2L_TPOJ3_ROI
541 102 140 143 255
R2L_DVT_ROI
542 124 132 198 255
R2L_PGp_ROI
543 152 201 221 255
R2L_IP2_ROI
544 190 176 178 255
R2L_IP1_ROI
545 131 116 129 255
R2L_IP0_ROI
546 110 164 210 255
R2L_PFop_ROI
547 164 190 130 255
R2L_PF_ROI
548 255 247 216 255
R2L_PFm_ROI
549 171 123 135 255
R2L_PGi_ROI
550 61 63 56 255
R2L_PGs_ROI
551 105 82 82 255
R2L_V6A_ROI
552 52 102 179 255
R2L_VMV1_ROI
553 60 70 174 255
R2L_VMV3_ROI
554 51 66 164 255
R2L_PHA2_ROI
555 88 96 100 255
R2L_V4t_ROI
556 18 93 132 255
R2L_FST_ROI
557 75 160 147 255
R2L_V3CD_ROI
558 28 71 203 255
R2L_LO3_ROI
559 65 102 175 255
R2L_VMV2_ROI
560 68 74 176 255
R2L_31pd_ROI
561 100 44 82 255
R2L_31a_ROI
562 147 99 125 255
R2L_VVC_ROI
563 59 67 124 255
R2L_25_ROI
564 36 19 13 255
R2L_s32_ROI
565 33 10 7 255
R2L_pOFC_ROI
566 101 57 70 255
R2L_PoI1_ROI
567 182 113 106 255
R2L_Ig_ROI
568 106 128 40 255
R2L_FOP5_ROI
569 174 94 110 255
R2L_p10p_ROI
570 105 73 89 255
R2L_p47r_ROI
571 162 113 126 255
R2L_TGv_ROI
572 63 64 55 255
R2L_MBelt_ROI
573 189 10 23 255
R2L_LBelt_ROI
574 213 23 30 255
R2L_A4_ROI
575 155 35 9 255
R2L_STSva_ROI
576 43 36 28 255
R2L_TE1m_ROI
577 92 53 61 255
R2L_PI_ROI
578 127 53 56 255
R2L_a32pr_ROI
579 158 77 106 255
R2L_p24_ROI
580 126 38 75 255
L2R_V1_ROI
581 67 10 255 255
L2R_MST_ROI
582 49 91 127 255
L2R_V6_ROI
583 49 85 168 255
L2R_V2_ROI
584 13 51 237 255
L2R_V3_ROI
585 5 34 233 255
L2R_V4_ROI
586 9 20 213 255
L2R_V8_ROI
587 18 41 191 255
L2R_4_ROI
588 28 174 21 255
L2R_3b_ROI
589 29 204 19 255
L2R_FEF_ROI
590 132 143 137 255
L2R_PEF_ROI
591 138 156 148 255
L2R_55b_ROI
592 60 87 49 255
L2R_V3A_ROI
593 2 60 247 255
L2R_RSC_ROI
594 151 64 124 255
L2R_POS2_ROI
595 187 94 187 255
L2R_V7_ROI
596 9 73 188 255
L2R_IPS1_ROI
597 47 107 165 255
L2R_FFC_ROI
598 57 85 118 255
L2R_V3B_ROI
599 20 48 202 255
L2R_LO1_ROI
600 0 41 184 255
L2R_LO2_ROI
601 9 29 182 255
L2R_PIT_ROI
602 27 32 173 255
L2R_MT_ROI
603 24 81 97 255
L2R_A1_ROI
604 226 23 42 255
L2R_PSL_ROI
605 99 73 47 255
L2R_SFL_ROI
606 20 49 22 255
L2R_PCV_ROI
607 130 133 154 255
L2R_STV_ROI
608 133 83 74 255
L2R_7Pm_ROI
609 152 184 187 255
L2R_7m_ROI
610 34 36 37 255
L2R_POS1_ROI
611 79 57 88 255
L2R_23d_ROI
612 111 56 81 255
L2R_v23ab_ROI
613 19 0 8 255
L2R_d23ab_ROI
614 67 28 50 255
L2R_31pv_ROI
615 48 17 41 255
L2R_5m_ROI
616 38 166 49 255
L2R_5mv_ROI
617 144 172 132 255
L2R_23c_ROI
618 207 188 191 255
L2R_5L_ROI
619 53 158 66 255
L2R_24dd_ROI
620 59 160 38 255
L2R_24dv_ROI
621 119 155 67 255
L2R_7AL_ROI
622 105 197 136 255
L2R_SCEF_ROI
623 100 144 83 255
L2R_6ma_ROI
624 140 174 134 255
L2R_7Am_ROI
625 177 244 223 255
L2R_7PL_ROI
626 173 255 239 255
L2R_7PC_ROI
627 62 176 108 255
L2R_LIPv_ROI
628 63 112 164 255
L2R_VIP_ROI
629 46 142 139 255
L2R_MIP_ROI
630 130 204 200 255
L2R_1_ROI
631 11 194 35 255
L2R_2_ROI
632 44 176 63 255
L2R_3a_ROI
633 44 221 22 255
L2R_6d_ROI
634 22 161 35 255
L2R_6mp_ROI
635 62 161 42 255
L2R_6v_ROI
636 67 171 53 255
L2R_p24pr_ROI
637 133 131 99 255
L2R_33pr_ROI
638 129 112 101 255
L2R_a24pr_ROI
639 159 123 118 255
L2R_p32pr_ROI
640 151 138 116 255
L2R_a24_ROI
641 65 11 21 255
L2R_d32_ROI
642 91 41 47 255
L2R_8BM_ROI
643 108 81 82 255
L2R_p32_ROI
644 93 33 52 255
L2R_10r_ROI
645 20 5 0 255
L2R_47m_ROI
646 100 82 77 255
L2R_8Av_ROI
647 55 57 47 255
L2R_8Ad_ROI
648 62 62 47 255
L2R_9m_ROI
649 37 39 22 255
L2R_8BL_ROI
650 24 38 18 255
L2R_9p_ROI
651 37 41 28 255
L2R_10d_ROI
652 32 35 27 255
L2R_8C_ROI
653 99 79 83 255
L2R_44_ROI
654 72 83 56 255
L2R_45_ROI
655 46 64 41 255
L2R_47l_ROI
656 39 50 30 255
L2R_a47r_ROI
657 81 74 69 255
L2R_6r_ROI
658 172 205 147 255
L2R_IFJa_ROI
659 115 107 92 255
L2R_IFJp_ROI
660 128 141 122 255
L2R_IFSp_ROI
661 101 98 92 255
L2R_IFSa_ROI
662 186 189 175 255
L2R_p9-46v_ROI
663 140 144 136 255
L2R_46_ROI
664 202 211 196 255
L2R_a9-46v_ROI
665 140 110 130 255
L2R_9-46d_ROI
666 129 112 127 255
L2R_9a_ROI
667 47 54 47 255
L2R_10v_ROI
668 3 31 11 255
L2R_a10p_ROI
669 92 67 82 255
L2R_10pp_ROI
670 54 51 56 255
L2R_11l_ROI
671 129 106 119 255
L2R_13l_ROI
672 88 63 74 255
L2R_OFC_ROI
673 40 39 35 255
L2R_47s_ROI
674 62 38 35 255
L2R_LIPd_ROI
675 155 172 203 255
L2R_6a_ROI
676 122 192 136 255
L2R_i6-8_ROI
677 98 101 90 255
L2R_s6-8_ROI
678 93 90 76 255
L2R_43_ROI
679 134 137 61 255
L2R_OP4_ROI
680 98 151 42 255
L2R_OP1_ROI
681 94 153 38 255
L2R_OP2-3_ROI
682 134 119 50 255
L2R_52_ROI
683 208 76 61 255
L2R_RI_ROI
684 166 69 25 255
L2R_PFcm_ROI
685 178 145 90 255
L2R_PoI2_ROI
686 123 127 81 255
L2R_TA2_ROI
687 126 40 23 255
L2R_FOP4_ROI
688 169 138 122 255
L2R_MI_ROI
689 149 111 104 255
L2R_Pir_ROI
690 91 71 65 255
L2R_AVI_ROI
691 133 70 83 255
L2R_AAIC_ROI
692 85 34 40 255
L2R_FOP1_ROI
693 142 144 78 255
L2R_FOP3_ROI
694 173 133 100 255
L2R_FOP2_ROI
695 98 156 57 255
L2R_PFt_ROI
696 136 223 141 255
L2R_AIP_ROI
697 138 219 165 255
L2R_EC_ROI
698 47 50 39 255
L2R_PreS_ROI
699 96 61 89 255
L2R_H_ROI
700 63 57 45 255
L2R_ProS_ROI
701 92 71 176 255
L2R_PeEc_ROI
702 62 65 57 255
L2R_STGa_ROI
703 47 46 24 255
L2R_PBelt_ROI
704 188 26 8 255
L2R_A5_ROI
705 90 44 10 255
L2R_PHA1_ROI
706 71 53 84 255
L2R_PHA3_ROI
707 106 104 124 255
L2R_STSda_ROI
708 63 53 35 255
L2R_STSdp_ROI
709 57 58 35 255
L2R_STSvp_ROI
710 64 53 52 255
L2R_TGd_ROI
711 28 37 24 255
L2R_TE1a_ROI
712 3 15 1 255
L2R_TE1p_ROI
713 104 100 97 255
L2R_TE2a_ROI
714 68 64 60 255
L2R_TF_ROI
715 61 71 56 255
L2R_TE2p_ROI
716 114 141 128 255
L2R_PHT_ROI
717 233 251 228 255
L2R_PH_ROI
718 84 120 161 255
L2R_TPOJ1_ROI
719 118 92 69 255
L2R_TPOJ2_ROI
720 152 154 139 255
L2R_TPOJ3_ROI
721 118 136 146 255
L2R_DVT_ROI
722 114 122 193 255
L2R_PGp_ROI
723 162 188 230 255
L2R_IP2_ROI
724 184 166 180 255
L2R_IP1_ROI
725 122 123 136 255
L2R_IP0_ROI
726 114 154 206 255
L2R_PFop_ROI
727 176 202 140 255
L2R_PF_ROI
728 255 249 223 255
L2R_PFm_ROI
729 138 103 115 255
L2R_PGi_ROI
730 51 64 51 255
L2R_PGs_ROI
731 68 70 60 255
L2R_V6A_ROI
732 28 92 166 255
L2R_VMV1_ROI
733 61 63 177 255
L2R_VMV3_ROI
734 49 57 166 255
L2R_PHA2_ROI
735 91 85 90 255
L2R_V4t_ROI
736 11 76 129 255
L2R_FST_ROI
737 83 149 150 255
L2R_V3CD_ROI
738 15 47 180 255
L2R_LO3_ROI
739 53 90 170 255
L2R_VMV2_ROI
740 69 61 169 255
L2R_31pd_ROI
741 55 34 55 255
L2R_31a_ROI
742 145 101 125 255
L2R_VVC_ROI
743 51 57 124 255
L2R_25_ROI
744 30 24 10 255
L2R_s32_ROI
745 45 35 19 255
L2R_pOFC_ROI
746 82 58 66 255
L2R_PoI1_ROI
747 169 115 102 255
L2R_Ig_ROI
748 92 139 37 255
L2R_FOP5_ROI
749 152 97 102 255
L2R_p10p_ROI
750 93 64 84 255
L2R_p47r_ROI
751 134 118 116 255
L2R_TGv_ROI
752 38 53 41 255
L2R_MBelt_ROI
753 182 20 18 255
L2R_LBelt_ROI
754 230 20 27 255
L2R_A4_ROI
755 146 37 4 255
L2R_STSva_ROI
756 25 31 18 255
L2R_TE1m_ROI
757 67 48 49 255
L2R_PI_ROI
758 122 53 50 255
L2R_a32pr_ROI
759 128 66 86 255
L2R_p24_ROI
760 118 38 70 255
